0.08178136896047371
0.0820863850555868
0.08216953680976256
0.08168343954064122
0.0818695299695372
0.08195370915185866
0.08154028285211848
0.08222455837832805
0.08146858077265959
0.08179821509545714
0.08146372377666856
0.08207376384239927
0.08165244709621619
0.08184595715946494
0.08196443313596907
0.08165390515590856
0.08183323573208987
0.08196021097212214
0.08189352462302796
0.08174411697137976
0.08193153244809612
0.08172375915597951
0.08186522651918346
0.08191479926254151
0.08173601117774365
0.08174436918399663
0.08177945911858384
0.08101646630939625
0.08149943045180395
0.08178289855675615
0.08173005633091673
